0.041660
0.132807
0.553407
0.011463
0.039021
0.170619
0.071583
0.222881
0.025622
0.002224
0.015220
0.060316
0.097183
0.028322
0.019929
0.083426
0.089383
0.017235
0.021173
0.039417
0.006811
0.011331
0.041461
0.037122
0.141874
0.156489
0.032934
0.004058
0.223514
0.012892
0.153253
0.067422
0.360063
0.062793
0.150279
0.424430
0.151639
0.050040
0.072832
0.053704
0.212163
0.026427
0.006601
0.018172
0.117782
0.196124
0.061813
0.005306
0.084999
0.160762
0.046562
0.016007
0.145712
0.037853
0.114892
0.132287
0.006942
0.126690
0.042809
0.253706
0.022865
0.167366
0.294745
0.270623
0.000980
0.065838
0.334739
0.228290
0.038251
0.059713
0.085763
0.095285
0.148890
0.095995
0.194015
0.523829
0.017149
0.064381
0.017194
0.119211
0.026580
0.417685
0.123859
0.628254
0.060103
0.076677
0.074509
0.013802
0.043887
0.040342
0.034379
0.050671
0.220479
0.031532
0.044403
0.107514
0.031689
0.288239
0.136674
0.789305
0.006380
0.494293
0.073508
0.221503
0.054104
0.029812
0.065115
0.168272
0.042890
0.098504
0.049245
0.021146
0.158742
0.425427
0.010041
0.268253
0.141496
0.137625
0.010376
0.110422
0.017190
0.048291
0.063363
0.262908
0.011876
0.177402
0.041844
