0.014428
0.057620
0.049776
0.036221
0.071565
0.112713
0.166125
0.011107
0.006741
0.010370
0.079330
0.022558
0.064098
0.041304
0.129448
0.031475
0.032408
0.173987
0.205836
0.081811
0.040743
0.026695
0.009759
0.026674
0.109173
0.231523
0.061617
0.045576
0.080813
0.039765
0.033606
0.058941
0.036605
0.004087
0.051299
0.113762
0.042245
0.007017
0.223128
0.041242
0.021257
0.113895
0.029929
0.025239
0.113557
0.137250
0.221764
0.031211
0.061296
0.013463
0.029151
0.074453
0.107676
0.083106
0.026749
0.124568
0.247203
0.228503
0.133233
0.182331
0.012140
0.146172
0.051760
0.095828
0.032933
0.260311
0.301515
0.101818
0.234888
0.009542
0.009357
0.018342
0.208343
0.129162
0.047015
0.148689
0.072885
0.175820
0.059312
0.125210
0.121969
0.073282
0.094097
0.025201
0.134823
0.042900
0.243214
0.053832
0.062427
0.048419
0.006491
0.060508
0.010821
0.086360
0.011409
0.247165
0.100489
0.155470
0.067944
0.259411
0.152762
0.045121
0.115746
0.001780
0.016558
0.114634
0.190051
0.024035
0.097110
0.000507
0.002296
0.120443
0.093353
0.144691
0.178535
0.006361
0.072930
0.060191
0.006525
0.000547
0.189503
0.084522
0.014710
0.018721
0.078820
0.096965
0.060633
0.023309
0.051697
0.365781
0.023371
